0___________
4.403538680410552
4.639365933325821
5.674826578305956
3.984006710142521
4.147611277294881
7.004641160171332
5.5499127100140075
5.8052091001659365
4.808048454549729
4.060898548697061
4.248873331602072
4.89287317298484
4.951058208732569
5.553613927949265
-----------------
4.642069312511941
5.491740762174248
4.033511372869593
4.0230471074017515
4.099134620392078
6.767323033971333
5.6544329108032265
4.624016526175534
4.70950797675169
4.599084707021296
4.193604323915605
4.252985611097865
7.6152282726705804
4.050480551409866
6.522666276735101
6.710703194222036
1________________
4.307359426646799
10.079859721084663
5.4705370372662045
5.7339161708304625
8.276427544921662
5.7118061841906735
4.392917978102754
8.328516371678159
4.092516919875762
6.349952892837636
4.984721183122641
5.017570115480892
5.185811739815159
5.014415686113124
3.980377330505928
5.562187708992903
5.09381108933127
4.110714268049003
5.516482225198058
4.94746157700582
4.862877770143929
4.311640334187936
4.7401079387691984
4.123032722917363
4.843709318672441
6.717187196928596
5.194729250469876
4.3139437979166155
5.083400631084922
4.94259631337351
2__________
5.655324099295551
4.125729185001948
5.195432493953312
4.8785864494358755
4.617468753110721
4.908813439999741
4.019252225906542
4.655240886631199
4.403412251359401
4.435228311101787
4.668498651759368
3.967629756551784
5.550795378987944
15.328575702243478
5.79871849161289
6.205920099173529
4.041852092770918
5.148476062577288
4.77813958730253
6.9203853672634335
7.122311062953068
6.713018767857362
6.681560292730301
5.2348492957304265
3.9868983576409214
6.208955030308628
6.260149892827426
4.267027682198394
5.005502059120445
4.46394409220815